24221.	7198	1.9850542917303167E-5
24220.	13704	1.9867057512076296E-5
24219.	23212	1.991660129639569E-5
24218.	6431	1.9990916972874778E-5
24217.	23107	1.999504562156806E-5
24216.	1527	2.0003302918954627E-5
24215.	19768	2.0007431567647907E-5
24214.	10967	2.004046075719417E-5
24213.	23389	2.0061104000660585E-5
24212.	4047	2.008587589282028E-5
24211.	4613	2.0110647784979976E-5
24210.	21901	2.011477643367326E-5
24209.	24043	2.0118905082366543E-5
24208.	23401	2.0118905082366543E-5
24207.	18040	2.0135419677139672E-5
24206.	23459	2.0139548325832955E-5
24205.	22166	2.0139548325832955E-5
24204.	15887	2.014367697452624E-5
24203.	9629	2.014367697452624E-5
24202.	18060	2.0156062920606084E-5
24201.	9911	2.0160191569299368E-5
24200.	22514	2.016432021799265E-5
24199.	11026	2.016432021799265E-5
24198.	14810	2.0168448866685934E-5
24197.	1861	2.0168448866685934E-5
24196.	24113	2.0172577515379217E-5
24195.	23826	2.0172577515379217E-5
24194.	22670	2.0172577515379217E-5
24193.	22939	2.01767061640725E-5
24192.	20707	2.01767061640725E-5
24191.	9247	2.018083481276578E-5
24190.	20444	2.0184963461459063E-5
24189.	17462	2.0184963461459063E-5
24188.	23434	2.0189092110152346E-5
24187.	22838	2.0189092110152346E-5
24186.	17507	2.019322075884563E-5
24185.	12526	2.019322075884563E-5
24184.	23948	2.0201478056232196E-5
24183.	23394	2.0201478056232196E-5
24182.	23066	2.0201478056232196E-5
24181.	17386	2.0201478056232196E-5
24180.	7523	2.0201478056232196E-5
24179.	7675	2.020560670492548E-5
24178.	5899	2.020560670492548E-5
24177.	19763	2.0213864002312042E-5
24176.	13532	2.0213864002312042E-5
24175.	10747	2.0213864002312042E-5
24174.	7586	2.0213864002312042E-5
24173.	3755	2.0213864002312042E-5
24172.	23493	2.0217992651005325E-5
24171.	21179	2.0217992651005325E-5

