24221.	23091	1.3721563932125015E-4
24220.	14528	1.3721563932125015E-4
24219.	21707	1.3725692580818298E-4
24218.	18456	1.3730234094380908E-4
24217.	18182	1.3730646959250238E-4
24216.	13522	1.375087733784732E-4
24215.	23868	1.3752528797324635E-4
24214.	17158	1.3754180256801948E-4
24213.	24008	1.3754593121671278E-4
24212.	4323	1.3755005986540604E-4
24211.	21953	1.3756657446017918E-4
24210.	9615	1.3757483175756574E-4
24209.	7608	1.3759547500103217E-4
24208.	21687	1.376119895958053E-4
24207.	23085	1.3761611824449858E-4
24206.	23236	1.3764089013665827E-4
24205.	23327	1.376574047314314E-4
24204.	17129	1.376574047314314E-4
24203.	21184	1.3766566202881797E-4
24202.	23261	1.3767391932620454E-4
24201.	19262	1.376780479748978E-4
24200.	21091	1.376821766235911E-4
24199.	23127	1.3768630527228438E-4
24198.	21699	1.3769456256967094E-4
24197.	6307	1.377069485157508E-4
24196.	15509	1.3771520581313737E-4
24195.	12678	1.3771933446183064E-4
24194.	212	1.3771933446183064E-4
24193.	9043	1.377275917592172E-4
24192.	19454	1.3773997770529704E-4
24191.	19392	1.3774410635399034E-4
24190.	20493	1.377482350026836E-4
24189.	16863	1.377482350026836E-4
24188.	3979	1.377523636513769E-4
24187.	7728	1.3776474959745674E-4
24186.	17839	1.3778539284092317E-4
24185.	18623	1.3778952148961644E-4
24184.	16049	1.3779365013830974E-4
24183.	12207	1.3779365013830974E-4
24182.	16070	1.3780603608438957E-4
24181.	18850	1.3781016473308287E-4
24180.	20789	1.3781842203046944E-4
24179.	22982	1.37826679327856E-4
24178.	17658	1.3783080797654927E-4
24177.	23165	1.3783493662524257E-4
24176.	1009	1.3783493662524257E-4
24175.	23732	1.3784319392262914E-4
24174.	17539	1.3784319392262914E-4
24173.	17806	1.3785145122001568E-4
24172.	16359	1.3785557986870897E-4
24171.	15867	1.3785557986870897E-4
