1.	121	0.007970690722926386
2.	21	0.007723855332149788
3.	245	0.007360992527145865
4.	1531	0.005091676644234342
5.	1367	0.0028356673960612693
6.	31	0.0025352627884893276
7.	80	0.002213830973122497
8.	1040	0.0021826679327855993
9.	254	0.002024202138640023
10.	452	0.0019459477313075431
11.	157	0.0016233557656579
12.	392	0.0016191693158829116
13.	169	0.001611754262829776
14.	100	0.0015627884893274432
15.	561	0.0014628050039222162
16.	3870	0.0014501919821642377
17.	997	0.0013558853887122744
18.	884	0.001277610338136328
19.	202	0.0012705875067090542
20.	8	0.0012549812146484456
21.	72	0.0012327608273811981
22.	145	0.0011891086247471203
23.	27	0.0010938276702035423
24.	645	0.0010839643284752901
25.	490	0.0010606870071425622
26.	2883	0.0010474505594318978
27.	81	0.0010284546467941042
28.	942	0.0010108253168737871
29.	125	9.501383097312249E-4
30.	247	9.40382312868998E-4
31.	179	8.793361132901201E-4
32.	337	8.780521035465092E-4
33.	708	8.756863878452583E-4
34.	1403	8.708269683332645E-4
35.	484	8.574295033235622E-4
36.	26	8.523966805664506E-4
37.	152	8.49758474051443E-4
38.	15492	8.428264728954214E-4
39.	321	8.264027083935428E-4
40.	242	8.13364435820156E-4
41.	1964	7.859543371454523E-4
42.	1043	7.851038355146361E-4
43.	857	7.722637380785269E-4
44.	1755	7.515915940712605E-4
45.	15686	7.441558977746584E-4
46.	1200	7.247223483753767E-4
47.	281	7.132570909541307E-4
48.	154	7.083728995499773E-4
49.	1365	7.043887535609595E-4
50.	16	7.010239048759341E-4
