1.	121	0.007967713967218529
2.	21	0.0077092192725321
3.	245	0.007354857355187647
4.	1531	0.005088270509062384
5.	1367	0.00281115560876925
6.	31	0.0025192188596672308
7.	80	0.0022271582511044137
8.	1040	0.0021716692126666944
9.	254	0.002020560670492548
10.	452	0.0019583419346847777
11.	157	0.001629123487882416
12.	169	0.0016086866768506667
13.	392	0.0016050121795136451
14.	100	0.0015580281573840881
15.	561	0.0014605094752487512
16.	3870	0.0014372651831055696
17.	997	0.0013473845010528054
18.	884	0.0012755047273027538
19.	202	0.0012738945543123736
20.	8	0.0012524668675942365
21.	72	0.0012317410511539573
22.	145	0.001191734445316048
23.	27	0.0010929358820857933
24.	645	0.001087527352297593
25.	490	0.0010549110276206598
26.	2883	0.0010482639032244746
27.	81	0.0010295611246439042
28.	942	0.0010153998596259444
29.	125	9.436439453366913E-4
30.	247	9.378638371660955E-4
31.	708	8.856777176830024E-4
32.	179	8.798150365385409E-4
33.	337	8.77668139218034E-4
34.	1403	8.609058255233062E-4
35.	484	8.570661822385533E-4
36.	26	8.540109822055242E-4
37.	152	8.479418686263986E-4
38.	15492	8.450105280541679E-4
39.	321	8.285785062549028E-4
40.	242	8.072333925106313E-4
41.	1964	7.891499112340531E-4
42.	1043	7.875810247306057E-4
43.	857	7.694975434540275E-4
44.	1755	7.522397919161059E-4
45.	15686	7.492258783700095E-4
46.	1200	7.242062672887164E-4
47.	281	7.228025267330002E-4
48.	154	7.036868832831014E-4
49.	16	7.022831427273853E-4
50.	1365	7.010858346063333E-4
