1.	121	0.05319060732422278
2.	21	0.051520668015358574
3.	245	0.049053882994096035
4.	1531	0.03395235126543082
5.	1367	0.018917175178564057
6.	31	0.016909491763345857
7.	80	0.01476918789480203
8.	1040	0.014538759753932538
9.	254	0.013503191445439908
10.	452	0.012967115313158003
11.	157	0.010837269311754263
12.	392	0.010799339416209074
13.	169	0.010735060484703357
14.	100	0.010407543041162627
15.	561	0.009735956401469799
16.	3870	0.009621881838074399
17.	997	0.009030960736550927
18.	884	0.008515548490978903
19.	202	0.008441517691259651
20.	8	0.008377610338136329
21.	72	0.008209619751455349
22.	145	0.007934767350646134
23.	27	0.0072766112051525535
24.	645	0.007222476363486231
25.	490	0.007074171173774823
26.	2883	0.0070053878865447335
27.	81	0.0068431650220882705
28.	942	0.006741839725857727
29.	125	0.006351393418933983
30.	247	0.006272420626728872
31.	337	0.005866429957474918
32.	179	0.005856938194129062
33.	708	0.0058513273605548905
34.	1403	0.005802299657322159
35.	484	0.005711428099583006
36.	26	0.005695602989141654
37.	152	0.005668139218033937
38.	15492	0.0056290285289624705
39.	321	0.005515238842326907
40.	242	0.005406828784938689
41.	1964	0.005246653730234094
42.	1043	0.005222117171049916
43.	857	0.005136084389579291
44.	1755	0.00499914536972049
45.	15686	0.004973382601874406
46.	1200	0.004822364889971512
47.	281	0.004742677841542463
48.	154	0.004727026134346228
49.	16	0.004679575574914331
50.	1365	0.004677800255976219
