1.	121	0.007984522877504795
2.	21	0.007720937307610548
3.	245	0.007353803250431546
4.	1531	0.005092461502875943
5.	1367	0.0028347156244527797
6.	31	0.002545101815780112
7.	80	0.0022079681783979247
8.	1040	0.002179891130462648
9.	254	0.0020231154175314172
10.	452	0.001939448741554516
11.	157	0.0016267544705433927
12.	392	0.001617430298258111
13.	169	0.0016139389602051017
14.	100	0.0015684470344365516
15.	561	0.0014509541011556455
16.	3870	0.0014393093389069862
17.	997	0.0013587576890971408
18.	884	0.0012696135845580334
19.	202	0.0012626727208837876
20.	8	0.0012607911614540223
21.	72	0.0012302053676123913
22.	145	0.0011898981833836392
23.	27	0.001095945649190687
24.	645	0.0010821266404898544
25.	490	0.00106477448130424
26.	2883	0.0010583353668112653
27.	81	0.0010258052948922101
28.	942	0.001008620385433686
29.	125	9.465707366832004E-4
30.	247	9.416577759499241E-4
31.	179	8.794199712564619E-4
32.	337	8.782283169509438E-4
33.	708	8.756986648287036E-4
34.	484	8.670853038835554E-4
35.	1403	8.645347455454289E-4
36.	152	8.56464946213324E-4
37.	26	8.525554838425892E-4
38.	15492	8.299558644695182E-4
39.	321	8.256909964287166E-4
40.	242	8.156560128033011E-4
41.	1964	7.902967729332408E-4
42.	1043	7.806799136255509E-4
43.	857	7.753279223586627E-4
44.	1755	7.510976181464616E-4
45.	15686	7.296269344312498E-4
46.	1200	7.220588842804155E-4
47.	154	7.126719933474748E-4
48.	281	7.088879682720578E-4
49.	1365	7.046021940153699E-4
50.	1153	6.997728581456387E-4
