1.	21	0.007973965860511183
2.	121	0.007847635602898521
3.	245	0.007382740254883928
4.	1531	0.005134061669378557
5.	1367	0.0028702234529596653
6.	31	0.0026630418304749008
7.	80	0.0021577208000242553
8.	254	0.0020010712805845553
9.	452	0.0020010712805845553
10.	1040	0.0019151667054079456
11.	392	0.0017787300271862715
12.	169	0.0016220805077465715
13.	157	0.001515963091351936
14.	561	0.00149575025013391
15.	100	0.001450271357393352
16.	3870	0.0014351117264798327
17.	202	0.0013896328337392745
18.	884	0.0013441539409987165
19.	997	0.0013340475203897036
20.	8	0.001238036524604081
21.	145	0.0012127704730815487
22.	27	0.0011521319494274714
23.	72	0.001136972318513952
24.	942	0.001126865897904939
25.	645	0.0011218126876004326
26.	26	0.001081387005164381
27.	125	0.0010611741639463552
28.	2883	0.0010308549021193164
29.	490	0.0010207484815103036
30.	81	9.904292196832648E-4
31.	247	9.752695887697454E-4
32.	708	9.247374857246809E-4
33.	857	9.14631065115668E-4
34.	1403	8.994714342021486E-4
35.	337	8.691521723751099E-4
36.	484	8.388329105480712E-4
37.	152	8.337797002435647E-4
38.	1043	7.883008075030067E-4
39.	321	7.781943868939938E-4
40.	179	7.731411765894873E-4
41.	242	7.680879662849808E-4
42.	1200	7.680879662849808E-4
43.	1964	7.57981545675968E-4
44.	1153	7.47875125066955E-4
45.	16	7.276622838489292E-4
46.	281	7.226090735444228E-4
47.	154	7.226090735444228E-4
48.	1365	7.226090735444228E-4
49.	1755	7.175558632399163E-4
50.	3692	7.074494426309034E-4
