24221.	24173	0.0
24220.	23953	0.0
24219.	23913	0.0
24218.	23814	0.0
24217.	23660	0.0
24216.	23628	0.0
24215.	23613	0.0
24214.	23186	0.0
24213.	23154	0.0
24212.	23145	0.0
24211.	23133	0.0
24210.	23032	0.0
24209.	22669	0.0
24208.	22452	0.0
24207.	22155	0.0
24206.	21909	0.0
24205.	21901	0.0
24204.	21189	0.0
24203.	21128	0.0
24202.	20825	0.0
24201.	20433	0.0
24200.	20432	0.0
24199.	20416	0.0
24198.	19933	0.0
24197.	19299	0.0
24196.	18604	0.0
24195.	18194	0.0
24194.	18110	0.0
24193.	17668	0.0
24192.	17269	0.0
24191.	17194	0.0
24190.	16641	0.0
24189.	16614	0.0
24188.	16508	0.0
24187.	16245	0.0
24186.	16033	0.0
24185.	15966	0.0
24184.	15781	0.0
24183.	14664	0.0
24182.	14559	0.0
24181.	14263	0.0
24180.	14097	0.0
24179.	13930	0.0
24178.	13848	0.0
24177.	13676	0.0
24176.	13047	0.0
24175.	12827	0.0
24174.	11760	0.0
24173.	11126	0.0
24172.	11073	0.0
24171.	11009	0.0
