24221.	1777	1.7546756946451426E-5
24220.	8724	1.779447586804839E-5
24219.	16692	1.7959621815779696E-5
24218.	23789	1.8000908302712524E-5
24217.	21914	1.8000908302712524E-5
24216.	8695	1.804219478964535E-5
24215.	20416	1.8124767763511002E-5
24214.	15226	1.8124767763511002E-5
24213.	8674	1.816605425044383E-5
24212.	3138	1.816605425044383E-5
24211.	23140	1.8207340737376655E-5
24210.	20120	1.8207340737376655E-5
24209.	23667	1.8248627224309484E-5
24208.	17586	1.8248627224309484E-5
24207.	9364	1.8289913711242312E-5
24206.	8047	1.8289913711242312E-5
24205.	14158	1.8331200198175137E-5
24204.	17683	1.8372486685107965E-5
24203.	23528	1.841377317204079E-5
24202.	20222	1.841377317204079E-5
24201.	19918	1.841377317204079E-5
24200.	15935	1.841377317204079E-5
24199.	15296	1.841377317204079E-5
24198.	13525	1.841377317204079E-5
24197.	23786	1.845505965897362E-5
24196.	19092	1.845505965897362E-5
24195.	17847	1.845505965897362E-5
24194.	16084	1.845505965897362E-5
24193.	1147	1.845505965897362E-5
24192.	19094	1.8496346145906443E-5
24191.	16784	1.8496346145906443E-5
24190.	16613	1.8496346145906443E-5
24189.	16276	1.8496346145906443E-5
24188.	23499	1.853763263283927E-5
24187.	16481	1.853763263283927E-5
24186.	15887	1.853763263283927E-5
24185.	14168	1.853763263283927E-5
24184.	12738	1.853763263283927E-5
24183.	6597	1.853763263283927E-5
24182.	1691	1.853763263283927E-5
24181.	23289	1.85789191197721E-5
24180.	16192	1.85789191197721E-5
24179.	13836	1.85789191197721E-5
24178.	13633	1.85789191197721E-5
24177.	23346	1.8620205606704925E-5
24176.	23209	1.8620205606704925E-5
24175.	20699	1.8620205606704925E-5
24174.	9494	1.8620205606704925E-5
24173.	4512	1.8620205606704925E-5
24172.	23916	1.8661492093637753E-5
24171.	22016	1.8661492093637753E-5
