24221.	24032	0.0
24220.	24027	0.0
24219.	24011	0.0
24218.	23854	0.0
24217.	23724	0.0
24216.	23258	0.0
24215.	23252	0.0
24214.	23151	0.0
24213.	23058	0.0
24212.	23045	0.0
24211.	22924	0.0
24210.	22851	0.0
24209.	22740	0.0
24208.	22005	0.0
24207.	21311	0.0
24206.	21196	0.0
24205.	21025	0.0
24204.	20051	0.0
24203.	19263	0.0
24202.	18352	0.0
24201.	18252	0.0
24200.	18012	0.0
24199.	17833	0.0
24198.	17200	0.0
24197.	17019	0.0
24196.	16531	0.0
24195.	16078	0.0
24194.	16018	0.0
24193.	15930	0.0
24192.	15389	0.0
24191.	15229	0.0
24190.	14971	0.0
24189.	18101	0.0
24188.	13826	0.0
24187.	22690	0.0
24186.	13340	0.0
24185.	14208	0.0
24184.	12123	0.0
24183.	11140	0.0
24182.	10915	0.0
24181.	21904	0.0
24180.	10122	0.0
24179.	9705	0.0
24178.	9660	0.0
24177.	8748	0.0
24176.	8701	0.0
24175.	14567	0.0
24174.	14730	0.0
24173.	5662	0.0
24172.	22954	0.0
24171.	4785	0.0
