24221.	23978	1.7464183972585773E-5
24220.	2407	1.7877048841914042E-5
24219.	18643	1.7959621815779696E-5
24218.	24208	1.8000908302712524E-5
24217.	21553	1.8000908302712524E-5
24216.	15755	1.8000908302712524E-5
24215.	16517	1.804219478964535E-5
24214.	23143	1.8083481276578177E-5
24213.	18528	1.8124767763511002E-5
24212.	17932	1.8124767763511002E-5
24211.	13388	1.8124767763511002E-5
24210.	18524	1.816605425044383E-5
24209.	6593	1.816605425044383E-5
24208.	23362	1.8207340737376655E-5
24207.	20479	1.8207340737376655E-5
24206.	15370	1.8207340737376655E-5
24205.	18337	1.8248627224309484E-5
24204.	22535	1.8289913711242312E-5
24203.	20018	1.8289913711242312E-5
24202.	15383	1.8289913711242312E-5
24201.	16339	1.8331200198175137E-5
24200.	3239	1.8331200198175137E-5
24199.	23727	1.8372486685107965E-5
24198.	9816	1.8372486685107965E-5
24197.	4877	1.8372486685107965E-5
24196.	17429	1.841377317204079E-5
24195.	23700	1.845505965897362E-5
24194.	23463	1.845505965897362E-5
24193.	23307	1.845505965897362E-5
24192.	20575	1.845505965897362E-5
24191.	19350	1.845505965897362E-5
24190.	3160	1.845505965897362E-5
24189.	14397	1.845505965897362E-5
24188.	4812	1.8496346145906443E-5
24187.	1146	1.8496346145906443E-5
24186.	16289	1.853763263283927E-5
24185.	23889	1.85789191197721E-5
24184.	23258	1.85789191197721E-5
24183.	19332	1.85789191197721E-5
24182.	17377	1.85789191197721E-5
24181.	16084	1.85789191197721E-5
24180.	23903	1.8620205606704925E-5
24179.	23551	1.8620205606704925E-5
24178.	23218	1.8620205606704925E-5
24177.	21557	1.8620205606704925E-5
24176.	21233	1.8620205606704925E-5
24175.	16580	1.8620205606704925E-5
24174.	13255	1.8620205606704925E-5
24173.	23629	1.8661492093637753E-5
24172.	22218	1.8661492093637753E-5
24171.	18249	1.8661492093637753E-5
