24221.	17208	1.0321621733206722E-5
24220.	11033	1.1560216341191527E-5
24219.	18119	1.1973081210519797E-5
24218.	20203	1.1973081210519797E-5
24217.	24032	1.2385946079848065E-5
24216.	23692	1.2798810949176334E-5
24215.	19902	1.2798810949176334E-5
24214.	22049	1.2798810949176334E-5
24213.	23876	1.3211675818504604E-5
24212.	23784	1.3211675818504604E-5
24211.	21518	1.3211675818504604E-5
24210.	18484	1.3211675818504604E-5
24209.	16549	1.3211675818504604E-5
24208.	15691	1.3211675818504604E-5
24207.	11078	1.3211675818504604E-5
24206.	7690	1.3211675818504604E-5
24205.	236	1.3211675818504604E-5
24204.	23907	1.3624540687832872E-5
24203.	23084	1.3624540687832872E-5
24202.	20451	1.3624540687832872E-5
24201.	20437	1.3624540687832872E-5
24200.	18168	1.3624540687832872E-5
24199.	15630	1.3624540687832872E-5
24198.	14978	1.3624540687832872E-5
24197.	12816	1.3624540687832872E-5
24196.	9573	1.3624540687832872E-5
24195.	22837	1.3624540687832872E-5
24194.	16266	1.3624540687832872E-5
24193.	22293	1.3624540687832872E-5
24192.	23446	1.4037405557161141E-5
24191.	23415	1.4037405557161141E-5
24190.	22941	1.4037405557161141E-5
24189.	21410	1.4037405557161141E-5
24188.	20161	1.4037405557161141E-5
24187.	19993	1.4037405557161141E-5
24186.	19306	1.4037405557161141E-5
24185.	18513	1.4037405557161141E-5
24184.	18224	1.4037405557161141E-5
24183.	18150	1.4037405557161141E-5
24182.	17622	1.4037405557161141E-5
24181.	17528	1.4037405557161141E-5
24180.	16671	1.4037405557161141E-5
24179.	15826	1.4037405557161141E-5
24178.	15025	1.4037405557161141E-5
24177.	10911	1.4037405557161141E-5
24176.	15227	1.4037405557161141E-5
24175.	9005	1.4037405557161141E-5
24174.	8853	1.4037405557161141E-5
24173.	7898	1.4037405557161141E-5
24172.	5984	1.4037405557161141E-5
24171.	7126	1.4037405557161141E-5
