24221.	23507	1.3273605548903844E-4
24220.	23613	1.328599149498369E-4
24219.	6783	1.3294248792370257E-4
24218.	16864	1.329837744106354E-4
24217.	11038	1.329837744106354E-4
24216.	11074	1.3310763387143387E-4
24215.	20462	1.332727798191652E-4
24214.	22189	1.3335535279303083E-4
24213.	23882	1.3347921225382933E-4
24212.	21700	1.3352049874076216E-4
24211.	23691	1.3356178522769496E-4
24210.	13383	1.3356178522769496E-4
24209.	16099	1.3364435820156063E-4
24208.	9094	1.3364435820156063E-4
24207.	19616	1.3376821766235912E-4
24206.	19504	1.3376821766235912E-4
24205.	13341	1.3380950414929193E-4
24204.	24035	1.3385079063622476E-4
24203.	20447	1.338920771231576E-4
24202.	13382	1.338920771231576E-4
24201.	18143	1.3397465009702325E-4
24200.	11027	1.3397465009702325E-4
24199.	14299	1.340572230708889E-4
24198.	12198	1.340572230708889E-4
24197.	7732	1.340572230708889E-4
24196.	22015	1.3409850955782172E-4
24195.	23656	1.3413979604475455E-4
24194.	22873	1.3418108253168738E-4
24193.	14089	1.3418108253168738E-4
24192.	13353	1.3418108253168738E-4
24191.	21293	1.3426365550555302E-4
24190.	16522	1.3430494199248585E-4
24189.	22897	1.3434622847941868E-4
24188.	21559	1.3434622847941868E-4
24187.	23296	1.3438751496635152E-4
24186.	18647	1.3438751496635152E-4
24185.	17009	1.3438751496635152E-4
24184.	14524	1.3438751496635152E-4
24183.	24068	1.3447008794021718E-4
24182.	19144	1.3447008794021718E-4
24181.	13670	1.3447008794021718E-4
24180.	20084	1.3451137442714998E-4
24179.	18634	1.3451137442714998E-4
24178.	16938	1.3451137442714998E-4
24177.	10922	1.3451137442714998E-4
24176.	4794	1.3455266091408282E-4
24175.	21575	1.3459394740101565E-4
24174.	14964	1.3459394740101565E-4
24173.	20601	1.3463523388794848E-4
24172.	20167	1.3463523388794848E-4
24171.	18060	1.3463523388794848E-4
