24221.	22878	7.43156764790884E-5
24220.	23985	7.844432517237108E-5
24219.	23653	7.844432517237108E-5
24218.	16651	7.844432517237108E-5
24217.	17901	8.257297386565378E-5
24216.	6744	8.257297386565378E-5
24215.	2049	8.257297386565378E-5
24214.	21917	8.670162255893646E-5
24213.	20447	8.670162255893646E-5
24212.	14964	8.670162255893646E-5
24211.	7278	8.670162255893646E-5
24210.	7111	8.670162255893646E-5
24209.	9082	8.670162255893646E-5
24208.	4174	8.670162255893646E-5
24207.	1031	8.670162255893646E-5
24206.	22055	8.670162255893646E-5
24205.	23945	9.083027125221915E-5
24204.	23652	9.083027125221915E-5
24203.	23146	9.083027125221915E-5
24202.	23041	9.083027125221915E-5
24201.	21919	9.083027125221915E-5
24200.	20966	9.083027125221915E-5
24199.	19755	9.083027125221915E-5
24198.	18521	9.083027125221915E-5
24197.	18190	9.083027125221915E-5
24196.	16800	9.083027125221915E-5
24195.	15667	9.083027125221915E-5
24194.	14886	9.083027125221915E-5
24193.	13428	9.083027125221915E-5
24192.	13351	9.083027125221915E-5
24191.	11264	9.083027125221915E-5
24190.	9309	9.083027125221915E-5
24189.	6590	9.083027125221915E-5
24188.	12961	9.083027125221915E-5
24187.	1622	9.083027125221915E-5
24186.	12460	9.083027125221915E-5
24185.	14444	9.083027125221915E-5
24184.	12655	9.083027125221915E-5
24183.	24076	9.495891994550184E-5
24182.	23823	9.495891994550184E-5
24181.	23811	9.495891994550184E-5
24180.	23678	9.495891994550184E-5
24179.	23629	9.495891994550184E-5
24178.	23517	9.495891994550184E-5
24177.	23490	9.495891994550184E-5
24176.	23308	9.495891994550184E-5
24175.	23220	9.495891994550184E-5
24174.	23218	9.495891994550184E-5
24173.	23164	9.495891994550184E-5
24172.	22583	9.495891994550184E-5
24171.	22378	9.495891994550184E-5
