1.	121	0.007914619545022913
2.	21	0.0077139672185293755
3.	245	0.0074303290533008545
4.	1531	0.005061310433095248
5.	1367	0.002868172247223484
6.	31	0.002467693323975063
7.	80	0.0022393790512365303
8.	1040	0.002171256347797366
9.	254	0.0020123033731059823
10.	452	0.001956566615746666
11.	169	0.0016535238016597167
12.	392	0.0016427893150571817
13.	157	0.0016225589364600966
14.	100	0.0014982866107922878
15.	561	0.0014421369885636432
16.	3870	0.0014202551504892448
17.	997	0.0013310763387143387
18.	8	0.001256347797365922
19.	72	0.0012443747161554023
20.	884	0.0012348788241608522
21.	202	0.0012332273646835392
22.	145	0.0011849221749721315
23.	645	0.001093266173981256
24.	27	0.0010821188225093926
25.	490	0.0010676685520829032
26.	2883	0.001045786714008505
27.	81	0.001007390281160976
28.	942	9.900499566491887E-4
29.	125	9.714710375294167E-4
30.	247	9.56607902233599E-4
31.	337	8.798150365385409E-4
32.	1403	8.608232525494406E-4
33.	484	8.579331984641426E-4
34.	708	8.529788200322035E-4
35.	179	8.525659551628752E-4
36.	26	8.294455224804921E-4
37.	321	8.249040089178812E-4
38.	15492	8.228396845712399E-4
39.	152	8.191239007472854E-4
40.	242	8.021964411048264E-4
41.	1043	7.943520085875893E-4
42.	1964	7.914619545022914E-4
43.	857	7.852689814623673E-4
44.	1755	7.526526567854341E-4
45.	15686	7.43156764790884E-4
46.	16	7.299450889723793E-4
47.	281	7.258164402790966E-4
48.	154	7.249907105404401E-4
49.	1200	7.229263861937988E-4
50.	1153	7.21687791585814E-4
