1.	121	0.008043433384253333
2.	21	0.007746996408075637
3.	245	0.007459229594153833
4.	1531	0.005159985136864704
5.	1367	0.002778993435448578
6.	31	0.002534990297675571
7.	80	0.002243507699929813
8.	1040	0.002214194294207506
9.	254	0.0020676272655959704
10.	452	0.001987118616076958
11.	392	0.001604805747078981
12.	157	0.0016023285578630115
13.	169	0.0015899426117831634
14.	100	0.001532554394946534
15.	3870	0.0014607159076834152
16.	561	0.0014144750423186491
17.	997	0.0013764914743404483
18.	884	0.0012769910408323357
19.	202	0.0012551092027579373
20.	72	0.0012534577432806243
21.	8	0.0012518062838033112
22.	145	0.0011684075801990008
23.	27	0.0011217538499649065
24.	645	0.0010528054167870855
25.	2883	0.0010152347136782132
26.	81	0.001011931794723587
27.	490	0.0010061516865529912
28.	942	9.892242269105322E-4
29.	125	9.343131992898725E-4
30.	247	9.074769827835349E-4
31.	179	9.029354692209239E-4
32.	337	8.946781718343586E-4
33.	708	8.699062796746625E-4
34.	26	8.616489822880971E-4
35.	1403	8.591717930721275E-4
36.	152	8.49263036208249E-4
37.	484	8.47611576730936E-4
38.	15492	8.141695223153461E-4
39.	1964	8.026093059741547E-4
40.	242	8.021964411048264E-4
41.	321	8.013707113661699E-4
42.	1043	7.803146030304282E-4
43.	857	7.728830353825193E-4
44.	1755	7.501754675694645E-4
45.	15686	7.282936294950663E-4
46.	154	7.229263861937988E-4
47.	281	7.159076834152182E-4
48.	1153	7.154948185458899E-4
49.	1365	7.035217373353701E-4
50.	1200	7.010445481194005E-4
