1.	21	0.007671029272119235
2.	121	0.007596713595640147
3.	245	0.007303579538417076
4.	1531	0.005164939515296643
5.	1367	0.0028941827339911646
6.	31	0.0025267330002890056
7.	1040	0.002204698402212956
8.	80	0.0021262540770405846
9.	452	0.0019941373188555388
10.	254	0.0019322075884562983
11.	169	0.0016638454233929235
12.	157	0.0016638454233929235
13.	392	0.0016390735312332273
14.	100	0.0014739275835019198
15.	561	0.0014615416374220717
16.	3870	0.0014491556913422236
17.	997	0.0014078692044093967
18.	202	0.0013087816357706123
19.	884	0.0012881383923041988
20.	8	0.00125923785145122
21.	145	0.0012427232566780892
22.	72	0.0012385946079848066
23.	490	0.0012138227158251104
24.	81	0.0011725362288922837
25.	27	0.0011436356880393048
26.	2883	0.0011064778497997605
27.	645	0.0010239048759341067
28.	942	9.702324429214319E-4
29.	125	9.661037942281491E-4
30.	1403	9.372032533751703E-4
31.	152	9.165600099087568E-4
32.	15492	9.000454151356261E-4
33.	337	8.959167664423434E-4
34.	247	8.711448742826473E-4
35.	484	8.463729821229512E-4
36.	708	8.422443334296684E-4
37.	179	8.339870360431031E-4
38.	281	8.133437925766896E-4
39.	1365	8.09215143883407E-4
40.	321	7.927005491102762E-4
41.	242	7.927005491102762E-4
42.	26	7.761859543371454E-4
43.	646	7.679286569505801E-4
44.	559	7.679286569505801E-4
45.	132	7.638000082572974E-4
46.	1964	7.596713595640147E-4
47.	857	7.55542710870732E-4
48.	1043	7.390281160976012E-4
49.	1755	7.348994674043186E-4
50.	1153	7.307708187110359E-4
