1.	121	0.007985037777135544
2.	21	0.007730296024111309
3.	245	0.0073587547995541056
4.	1531	0.005100086701622559
5.	1367	0.002838437719334462
6.	31	0.0025352462738945543
7.	80	0.0022185169893893728
8.	1040	0.0021809751868213535
9.	254	0.0020134759093348746
10.	452	0.00194374303290533
11.	157	0.0016273770694851576
12.	392	0.00162444985756162
13.	169	0.001612427232566781
14.	100	0.0015598076049708931
15.	561	0.00146087279633376
16.	3870	0.0014435159572271994
17.	997	0.0013554312373560134
18.	884	0.0012796911770777426
19.	202	0.0012670864126171505
20.	8	0.0012604847033565914
21.	72	0.0012283968457123984
22.	145	0.0011896164485363941
23.	27	0.0010930225837083522
24.	645	0.0010863465587713141
25.	490	0.0010609842698484787
26.	2883	0.001050592461087486
27.	81	0.0010254737624375541
28.	942	0.0010105115395730978
29.	125	9.52504025432476E-4
30.	247	9.446926221047851E-4
31.	708	8.786961727426613E-4
32.	337	8.765575327195409E-4
33.	179	8.75376739193262E-4
34.	1403	8.683332645225218E-4
35.	484	8.591470211799678E-4
36.	26	8.576648362990793E-4
37.	152	8.536394038231287E-4
38.	15492	8.421576318071095E-4
39.	321	8.283142727385326E-4
40.	242	8.133314066306098E-4
41.	1964	7.896081912390075E-4
42.	1043	7.837166095536931E-4
43.	857	7.724082407827917E-4
44.	1755	7.5216960488832E-4
45.	15686	7.444036166962553E-4
46.	1200	7.232690640353413E-4
47.	281	7.107799017381611E-4
48.	154	7.095289211840964E-4
49.	16	7.037694562569671E-4
50.	1365	7.029437265183106E-4
