1.	121	0.05216547623962677
2.	21	0.051314974608810536
3.	245	0.04909376161182445
4.	1531	0.03355352793030841
5.	1367	0.0187936088518228
6.	31	0.017179307212749267
7.	1040	0.014656702861153545
8.	80	0.014615416374220718
9.	254	0.013393336361009043
10.	452	0.013009372032533752
11.	157	0.010945047685892408
12.	169	0.010833574171173775
13.	392	0.01071797200776186
14.	100	0.010400066058379093
15.	561	0.009462862805003922
16.	3870	0.009372032533751703
17.	997	0.008946781718343587
18.	8	0.008558688741175014
19.	884	0.008331613063044465
20.	202	0.008302712522191487
21.	72	0.008211882250939268
22.	145	0.00787746170678337
23.	27	0.007398538458362578
24.	645	0.007357251971429751
25.	490	0.007179720077618595
26.	2883	0.006944387102101482
27.	81	0.0067255687213575
28.	942	0.006638867098798564
29.	247	0.0064572065562941245
30.	125	0.006329218446802362
31.	708	0.006003055200033029
32.	15492	0.005879195739234549
33.	1403	0.005854423847074852
34.	337	0.005755336278436068
35.	152	0.0056934065480368275
36.	484	0.005598447628091326
37.	26	0.0055901903307047605
38.	179	0.005573675735931629
39.	321	0.005557161141158499
40.	242	0.005433301680360018
41.	1964	0.005338342760414516
42.	1043	0.005272284381321993
43.	15686	0.005185582758763057
44.	857	0.005094752487510837
45.	1200	0.005012179513645184
46.	1755	0.0049254778910862475
47.	1365	0.004851162214607159
48.	281	0.004694273564262417
49.	1158	0.004694273564262417
50.	154	0.0046488584286363075
