1.	121	0.008016726927889144
2.	21	0.0075258642837896265
3.	245	0.007421425423342921
4.	1531	0.005163457260485139
5.	1367	0.002907577874836292
6.	31	0.0025065326507209417
7.	80	0.0021723282972914825
8.	1040	0.002051179219173304
9.	254	0.00201358122941249
10.	452	0.0019759832396516754
11.	157	0.0017232411973706473
12.	392	0.0017107085341170425
13.	169	0.0016522227722668872
14.	100	0.0015561390206559177
15.	3870	0.0015227185853129719
16.	561	0.0014120133932394637
17.	884	0.0013514388541803742
18.	997	0.0013326398592999672
19.	8	0.0013221959732552966
20.	202	0.0012845979834944824
21.	145	0.001205224449554986
22.	72	0.0011759815686299083
23.	27	0.0010861641486457413
24.	942	0.0010715427081832024
25.	81	0.001044388604467059
26.	490	0.0010381222728402565
27.	645	0.0010214120551687836
28.	2883	9.942579514526401E-4
29.	247	9.859028426169036E-4
30.	125	9.169731947220777E-4
31.	1403	8.85641536588066E-4
32.	179	8.772864277523296E-4
33.	484	8.689313189165931E-4
34.	242	8.626649872897907E-4
35.	26	8.584874328719225E-4
36.	337	8.584874328719225E-4
37.	708	8.563986556629883E-4
38.	152	8.459547696183177E-4
39.	1964	8.167118886932401E-4
40.	857	8.167118886932401E-4
41.	1755	8.062680026485695E-4
42.	1200	7.895577849770965E-4
43.	281	7.519597952162824E-4
44.	3120	7.456934635894801E-4
45.	1365	7.289832459180071E-4
46.	16	7.227169142912048E-4
47.	321	7.227169142912048E-4
48.	154	7.122730282465342E-4
49.	1043	7.122730282465342E-4
50.	1370	6.788525929035883E-4
