1.	21	0.007696536558548653
2.	121	0.0073466939877055324
3.	245	0.006946873906741966
4.	1531	0.004597930931081014
5.	1367	0.0033984706881903144
6.	31	0.0029486730971063023
7.	1040	0.0026488080363836273
8.	452	0.0026488080363836273
9.	254	0.0023489429756609528
10.	80	0.0020490779149382778
11.	100	0.0018991453845769405
12.	202	0.001749212854215603
13.	392	0.0015992803238542657
14.	8	0.0013993702833724824
15.	884	0.0013993702833724824
16.	169	0.0013993702833724824
17.	157	0.0013493927732520367
18.	561	0.0012994152631315907
19.	72	0.0012994152631315907
20.	645	0.001249437753011145
21.	997	0.001249437753011145
22.	484	0.001249437753011145
23.	3870	0.0011994602428906992
24.	242	0.0011494827327702534
25.	81	0.0010495277125293619
26.	389	0.0010495277125293619
27.	179	9.995502024089159E-4
28.	857	9.995502024089159E-4
29.	1153	9.995502024089159E-4
30.	1755	9.995502024089159E-4
31.	942	9.495726922884702E-4
32.	247	9.495726922884702E-4
33.	145	9.495726922884702E-4
34.	3512	9.495726922884702E-4
35.	321	8.995951821680244E-4
36.	1365	8.995951821680244E-4
37.	152	8.496176720475786E-4
38.	125	8.496176720475786E-4
39.	1043	8.496176720475786E-4
40.	132	7.996401619271328E-4
41.	1094	7.996401619271328E-4
42.	708	7.996401619271328E-4
43.	320	7.996401619271328E-4
44.	246	7.996401619271328E-4
45.	16	7.49662651806687E-4
46.	27	7.49662651806687E-4
47.	3692	7.49662651806687E-4
48.	69	7.49662651806687E-4
49.	2824	7.49662651806687E-4
50.	2114	7.49662651806687E-4
