1.	121	0.008620689655172414
2.	1531	0.007606490872210953
3.	21	0.007099391480730223
4.	245	0.004563894523326572
5.	1367	0.004056795131845842
6.	125	0.004056795131845842
7.	15492	0.004056795131845842
8.	15686	0.004056795131845842
9.	31	0.0035496957403651115
10.	8	0.002535496957403651
11.	490	0.002535496957403651
12.	942	0.002028397565922921
13.	395	0.002028397565922921
14.	1040	0.002028397565922921
15.	2994	0.002028397565922921
16.	3003	0.002028397565922921
17.	389	0.002028397565922921
18.	13420	0.002028397565922921
19.	16	0.0015212981744421906
20.	254	0.0015212981744421906
21.	484	0.0015212981744421906
22.	10235	0.0015212981744421906
23.	100	0.0015212981744421906
24.	857	0.0015212981744421906
25.	80	0.0015212981744421906
26.	61	0.0015212981744421906
27.	124	0.0015212981744421906
28.	154	0.0015212981744421906
29.	1831	0.0015212981744421906
30.	2181	0.0015212981744421906
31.	242	0.0015212981744421906
32.	3120	0.0015212981744421906
33.	558	0.0015212981744421906
34.	3674	0.0015212981744421906
35.	794	0.0015212981744421906
36.	270	0.0015212981744421906
37.	3672	0.0015212981744421906
38.	2883	0.0015212981744421906
39.	829	0.0015212981744421906
40.	1851	0.0015212981744421906
41.	1328	0.0015212981744421906
42.	11474	0.0015212981744421906
43.	11302	0.0015212981744421906
44.	13419	0.0015212981744421906
45.	11473	0.0015212981744421906
46.	1089	0.0010141987829614604
47.	1092	0.0010141987829614604
48.	390	0.0010141987829614604
49.	1099	0.0010141987829614604
50.	394	0.0010141987829614604
