1.	121	0.058823529411764705
2.	157	0.058823529411764705
3.	1483	0.058823529411764705
4.	6101	0.058823529411764705
5.	2213	0.058823529411764705
6.	15669	0.058823529411764705
7.	7533	0.058823529411764705
8.	5029	0.058823529411764705
9.	3452	0.058823529411764705
10.	17084	0.058823529411764705
11.	19568	0.058823529411764705
12.	4181	0.058823529411764705
13.	12336	0.058823529411764705
14.	19009	0.058823529411764705
15.	4638	0.058823529411764705
16.	21263	0.058823529411764705
17.	8277	0.058823529411764705
18.	1	0.0
19.	2	0.0
20.	3	0.0
21.	4	0.0
22.	5	0.0
23.	6	0.0
24.	7	0.0
25.	8	0.0
26.	9	0.0
27.	10	0.0
28.	6792	0.0
29.	13625	0.0
30.	1964	0.0
31.	1370	0.0
32.	12181	0.0
33.	314	0.0
34.	132	0.0
35.	8759	0.0
36.	3599	0.0
37.	189	0.0
38.	5821	0.0
39.	1658	0.0
40.	343	0.0
41.	8908	0.0
42.	5794	0.0
43.	18578	0.0
44.	20907	0.0
45.	5053	0.0
46.	15462	0.0
47.	4467	0.0
48.	1729	0.0
49.	12518	0.0
50.	1082	0.0
