mc1
10	3.3003528899630796E-7
100	3.291545603394371E-8
1000	3.3019617262248996E-9
10000	2.1430830155284513E-9

mc2
10 1.971274003390673E-7
100 4.1330363778251516E-8
1000	4.997681004552322E-9
10000 2.1126136120209407E-9

mc3
10 0.008886259464676215
100 0.008998588752948415
1000 0.009013328135213189
10000 0.009017669915448811

mc4
10	1.1638549838969657E-7
100	1.353449585736131E-8
1000	2.071696988565205E-9
10000	1.4365685495442767E-9

mc5
10	0.05291730282925683
100	0.001166593357645559
1000	2.7398449683152E-5
10000	1.8470036701325639E-6
100000	1.5588645879806046E-7
1000000 2.5421551294178887E-8


