24221.	20293	1.073448660253499E-5
24220.	15986	1.1560216341191527E-5
24219.	12182	1.1973081210519797E-5
24218.	4897	1.1973081210519797E-5
24217.	23675	1.2798810949176334E-5
24216.	23423	1.2798810949176334E-5
24215.	20707	1.2798810949176334E-5
24214.	19034	1.2798810949176334E-5
24213.	16527	1.2798810949176334E-5
24212.	11032	1.2798810949176334E-5
24211.	11029	1.2798810949176334E-5
24210.	23713	1.3211675818504604E-5
24209.	23345	1.3211675818504604E-5
24208.	22753	1.3211675818504604E-5
24207.	22258	1.3211675818504604E-5
24206.	21880	1.3211675818504604E-5
24205.	8570	1.3211675818504604E-5
24204.	8292	1.3211675818504604E-5
24203.	5558	1.3211675818504604E-5
24202.	1691	1.3211675818504604E-5
24201.	22834	1.3624540687832872E-5
24200.	22532	1.3624540687832872E-5
24199.	21755	1.3624540687832872E-5
24198.	20288	1.3624540687832872E-5
24197.	18924	1.3624540687832872E-5
24196.	17406	1.3624540687832872E-5
24195.	14923	1.3624540687832872E-5
24194.	18665	1.3624540687832872E-5
24193.	7379	1.3624540687832872E-5
24192.	4895	1.3624540687832872E-5
24191.	3048	1.3624540687832872E-5
24190.	12455	1.3624540687832872E-5
24189.	24064	1.4037405557161141E-5
24188.	23137	1.4037405557161141E-5
24187.	22457	1.4037405557161141E-5
24186.	22363	1.4037405557161141E-5
24185.	21137	1.4037405557161141E-5
24184.	21002	1.4037405557161141E-5
24183.	19149	1.4037405557161141E-5
24182.	18065	1.4037405557161141E-5
24181.	18056	1.4037405557161141E-5
24180.	17634	1.4037405557161141E-5
24179.	17194	1.4037405557161141E-5
24178.	16670	1.4037405557161141E-5
24177.	16150	1.4037405557161141E-5
24176.	14209	1.4037405557161141E-5
24175.	11002	1.4037405557161141E-5
24174.	10444	1.4037405557161141E-5
24173.	9560	1.4037405557161141E-5
24172.	8308	1.4037405557161141E-5
24171.	8000	1.4037405557161141E-5
