24221.	19361	1.9990916972874778E-5
24220.	24201	2.0032203459807606E-5
24219.	20694	2.0032203459807606E-5
24218.	23798	2.0036332108500886E-5
24217.	9253	2.0036332108500886E-5
24216.	19755	2.0048718054580736E-5
24215.	23066	2.005284670327402E-5
24214.	23615	2.0061104000660585E-5
24213.	23274	2.0069361298047148E-5
24212.	18497	2.007348994674043E-5
24211.	20451	2.0077618595433714E-5
24210.	16790	2.0094133190206844E-5
24209.	12913	2.0094133190206844E-5
24208.	23071	2.010239048759341E-5
24207.	21103	2.0106519136286693E-5
24206.	19307	2.0106519136286693E-5
24205.	7993	2.0106519136286693E-5
24204.	23708	2.0110647784979976E-5
24203.	18013	2.0110647784979976E-5
24202.	23142	2.013129102844639E-5
24201.	16519	2.0135419677139672E-5
24200.	22377	2.014367697452624E-5
24199.	20576	2.014367697452624E-5
24198.	20357	2.014367697452624E-5
24197.	4788	2.014367697452624E-5
24196.	22955	2.014780562321952E-5
24195.	19454	2.014780562321952E-5
24194.	2981	2.014780562321952E-5
24193.	17629	2.01519342719128E-5
24192.	12189	2.0156062920606084E-5
24191.	16803	2.0160191569299368E-5
24190.	13186	2.0160191569299368E-5
24189.	23538	2.0172577515379217E-5
24188.	21931	2.01767061640725E-5
24187.	14951	2.018083481276578E-5
24186.	19102	2.0184963461459063E-5
24185.	16006	2.0184963461459063E-5
24184.	14810	2.0184963461459063E-5
24183.	21512	2.019322075884563E-5
24182.	20624	2.019322075884563E-5
24181.	18983	2.0201478056232196E-5
24180.	18535	2.0201478056232196E-5
24179.	16046	2.0201478056232196E-5
24178.	22982	2.020560670492548E-5
24177.	15066	2.020560670492548E-5
24176.	21574	2.020973535361876E-5
24175.	12220	2.020973535361876E-5
24174.	12087	2.020973535361876E-5
24173.	14846	2.0213864002312042E-5
24172.	16294	2.0217992651005325E-5
24171.	4045	2.022212129969861E-5
