24221.	20569	1.1601502828124355E-4
24220.	15229	1.1642789315057181E-4
24219.	23491	1.1766648775855663E-4
24218.	21398	1.1766648775855663E-4
24217.	13153	1.1766648775855663E-4
24216.	16478	1.1807935262788489E-4
24215.	9574	1.193179472358697E-4
24214.	16672	1.2014367697452623E-4
24213.	23834	1.2055654184385451E-4
24212.	23158	1.2055654184385451E-4
24211.	19889	1.2055654184385451E-4
24210.	227	1.2055654184385451E-4
24209.	17939	1.2138227158251105E-4
24208.	14158	1.2138227158251105E-4
24207.	23819	1.2179513645183931E-4
24206.	20732	1.2179513645183931E-4
24205.	19325	1.2179513645183931E-4
24204.	4895	1.2179513645183931E-4
24203.	23714	1.2220800132116757E-4
24202.	18494	1.2220800132116757E-4
24201.	1390	1.2220800132116757E-4
24200.	23974	1.2262086619049586E-4
24199.	23794	1.2262086619049586E-4
24198.	23351	1.2262086619049586E-4
24197.	19738	1.2262086619049586E-4
24196.	5415	1.2262086619049586E-4
24195.	24211	1.2303373105982413E-4
24194.	24045	1.2303373105982413E-4
24193.	24031	1.2303373105982413E-4
24192.	19330	1.2303373105982413E-4
24191.	19119	1.2303373105982413E-4
24190.	16062	1.2303373105982413E-4
24189.	15795	1.2303373105982413E-4
24188.	23920	1.234465959291524E-4
24187.	23379	1.234465959291524E-4
24186.	22623	1.234465959291524E-4
24185.	16667	1.234465959291524E-4
24184.	9910	1.234465959291524E-4
24183.	7465	1.234465959291524E-4
24182.	24129	1.2385946079848065E-4
24181.	23584	1.2385946079848065E-4
24180.	23486	1.2385946079848065E-4
24179.	22485	1.2385946079848065E-4
24178.	22429	1.2385946079848065E-4
24177.	18011	1.2385946079848065E-4
24176.	17383	1.2385946079848065E-4
24175.	16798	1.2385946079848065E-4
24174.	16541	1.2385946079848065E-4
24173.	16241	1.2385946079848065E-4
24172.	16180	1.2385946079848065E-4
24171.	14818	1.2385946079848065E-4
