24221.	24221	2.090237780642379E-5
24220.	24220	2.090237780642379E-5
24219.	24219	2.090237780642379E-5
24218.	24218	2.090237780642379E-5
24217.	24217	2.090237780642379E-5
24216.	24216	2.090237780642379E-5
24215.	24215	2.090237780642379E-5
24214.	24214	2.090237780642379E-5
24213.	24213	2.090237780642379E-5
24212.	24212	2.090237780642379E-5
24211.	24211	2.090237780642379E-5
24210.	24210	2.090237780642379E-5
24209.	24209	2.090237780642379E-5
24208.	24208	2.090237780642379E-5
24207.	24207	2.090237780642379E-5
24206.	24206	2.090237780642379E-5
24205.	24205	2.090237780642379E-5
24204.	24204	2.090237780642379E-5
24203.	24203	2.090237780642379E-5
24202.	24202	2.090237780642379E-5
24201.	24201	2.090237780642379E-5
24200.	24200	2.090237780642379E-5
24199.	24199	2.090237780642379E-5
24198.	24196	2.090237780642379E-5
24197.	24195	2.090237780642379E-5
24196.	24194	2.090237780642379E-5
24195.	24193	2.090237780642379E-5
24194.	24192	2.090237780642379E-5
24193.	24191	2.090237780642379E-5
24192.	24190	2.090237780642379E-5
24191.	24189	2.090237780642379E-5
24190.	24188	2.090237780642379E-5
24189.	24187	2.090237780642379E-5
24188.	24186	2.090237780642379E-5
24187.	24185	2.090237780642379E-5
24186.	24184	2.090237780642379E-5
24185.	24183	2.090237780642379E-5
24184.	24182	2.090237780642379E-5
24183.	24181	2.090237780642379E-5
24182.	24180	2.090237780642379E-5
24181.	24179	2.090237780642379E-5
24180.	24178	2.090237780642379E-5
24179.	24177	2.090237780642379E-5
24178.	24176	2.090237780642379E-5
24177.	24175	2.090237780642379E-5
24176.	24174	2.090237780642379E-5
24175.	24173	2.090237780642379E-5
24174.	24172	2.090237780642379E-5
24173.	24171	2.090237780642379E-5
24172.	24170	2.090237780642379E-5
24171.	24169	2.090237780642379E-5
