24221.	24221	0.0
24220.	24220	0.0
24219.	24219	0.0
24218.	24218	0.0
24217.	24217	0.0
24216.	24216	0.0
24215.	24215	0.0
24214.	24214	0.0
24213.	24213	0.0
24212.	24212	0.0
24211.	24211	0.0
24210.	24210	0.0
24209.	24209	0.0
24208.	24208	0.0
24207.	24207	0.0
24206.	24206	0.0
24205.	24205	0.0
24204.	24204	0.0
24203.	24203	0.0
24202.	24202	0.0
24201.	24201	0.0
24200.	24200	0.0
24199.	24199	0.0
24198.	24196	0.0
24197.	24195	0.0
24196.	24194	0.0
24195.	24193	0.0
24194.	24192	0.0
24193.	24191	0.0
24192.	24190	0.0
24191.	24189	0.0
24190.	24188	0.0
24189.	24187	0.0
24188.	24186	0.0
24187.	24185	0.0
24186.	24184	0.0
24185.	24183	0.0
24184.	24182	0.0
24183.	24181	0.0
24182.	24180	0.0
24181.	24179	0.0
24180.	24178	0.0
24179.	24177	0.0
24178.	24176	0.0
24177.	24175	0.0
24176.	24174	0.0
24175.	24173	0.0
24174.	24172	0.0
24173.	24171	0.0
24172.	24170	0.0
24171.	24169	0.0
