24221.	24220	0.0
24220.	24219	0.0
24219.	24217	0.0
24218.	24216	0.0
24217.	24215	0.0
24216.	24214	0.0
24215.	24213	0.0
24214.	24212	0.0
24213.	24210	0.0
24212.	24209	0.0
24211.	24208	0.0
24210.	24207	0.0
24209.	24206	0.0
24208.	24204	0.0
24207.	24203	0.0
24206.	24201	0.0
24205.	24200	0.0
24204.	24196	0.0
24203.	24195	0.0
24202.	24194	0.0
24201.	24193	0.0
24200.	24188	0.0
24199.	24186	0.0
24198.	24185	0.0
24197.	24184	0.0
24196.	24183	0.0
24195.	24181	0.0
24194.	24177	0.0
24193.	24176	0.0
24192.	24173	0.0
24191.	24172	0.0
24190.	24171	0.0
24189.	24168	0.0
24188.	24167	0.0
24187.	24166	0.0
24186.	24165	0.0
24185.	24164	0.0
24184.	24162	0.0
24183.	24161	0.0
24182.	24157	0.0
24181.	24156	0.0
24180.	24155	0.0
24179.	24154	0.0
24178.	24151	0.0
24177.	24150	0.0
24176.	24147	0.0
24175.	24146	0.0
24174.	24144	0.0
24173.	24143	0.0
24172.	24142	0.0
24171.	24141	0.0

