1.	121	0.007978035588951736
2.	21	0.007735849056603773
3.	245	0.007368977333718674
4.	1531	0.005113083687709013
5.	1367	0.002837083522563065
6.	31	0.0025364766112051526
7.	80	0.002210148218488089
8.	1040	0.002171999504562157
9.	254	0.002016432021799265
10.	452	0.001959910821188225
11.	392	0.0016213616283390446
12.	157	0.0016161595309855084
13.	169	0.0016132694769002106
14.	100	0.0015539407951777383
15.	561	0.0014544403616696254
16.	3870	0.0014423434209983072
17.	997	0.0013511415713636926
18.	884	0.0012667932785599273
19.	202	0.0012588249865818917
20.	8	0.0012570496676437802
21.	72	0.0012346311052392552
22.	145	0.0011968952561826514
23.	27	0.0010903348334090253
24.	645	0.00108587589282028
25.	490	0.0010784856116593038
26.	2883	0.0010528467032740183
27.	81	0.0010192395029106974
28.	942	0.0010094958919945503
29.	125	9.502497832459436E-4
30.	247	9.451302588662731E-4
31.	179	8.791131662606829E-4
32.	708	8.720118905082366E-4
33.	337	8.661079228768424E-4
34.	1403	8.606581066017093E-4
35.	484	8.500061929730399E-4
36.	15492	8.461252632013542E-4
37.	152	8.446389496717724E-4
38.	26	8.377853928409232E-4
39.	321	8.266793278559928E-4
40.	242	8.057057924941166E-4
41.	1964	7.805210354650923E-4
42.	1043	7.801907435696296E-4
43.	857	7.758969489286157E-4
44.	1755	7.500103216217332E-4
45.	15686	7.358903430907065E-4
46.	1200	7.249494240535073E-4
47.	281	7.2119235374262E-4
48.	16	7.089302671235704E-4
49.	1153	7.069485157507947E-4
50.	1365	7.049667643780191E-4
