1.	121	0.05318983526691714
2.	21	0.05150332356219809
3.	245	0.049059741546591804
4.	1531	0.033928450518145414
5.	1367	0.018892200982618387
6.	31	0.016909169728747783
7.	80	0.014804384624912266
8.	1040	0.014532182816564139
9.	254	0.013462202221212997
10.	452	0.012970727880764626
11.	157	0.010835638495520416
12.	392	0.010769332397506296
13.	169	0.01073886297014987
14.	100	0.010406135171958219
15.	561	0.009688658602039553
16.	3870	0.009605714049791504
17.	997	0.009021551546178936
18.	884	0.008541761281532554
19.	202	0.008424672804591058
20.	8	0.00835754097683828
21.	72	0.008210932661739813
22.	145	0.007969571859130506
23.	27	0.00725894884604269
24.	645	0.007225052640270839
25.	490	0.007064819784484538
26.	2883	0.007005862681144461
27.	81	0.00689864167457991
28.	942	0.00676062094876347
29.	125	0.006339911646917964
30.	247	0.0062726972461913215
31.	708	0.005849428182155981
32.	179	0.005842368192890467
33.	337	0.005812972214194294
34.	1403	0.005811114322282317
35.	484	0.005732959002518476
36.	26	0.0057234218240369925
37.	152	0.0056917550885595145
38.	15492	0.0056381652285207055
39.	321	0.0055257421246026174
40.	242	0.005413731885553858
41.	1043	0.005224392056479914
42.	1964	0.005220304694273564
43.	857	0.005137112423103918
44.	15686	0.004982577102514347
45.	1755	0.00497766401056934
46.	1200	0.00480355889517361
47.	281	0.004752652656785434
48.	154	0.004738119813385079
49.	16	0.00468366293712068
50.	1365	0.004668841088311795
