1.	121	0.05310474381734858
2.	21	0.051359976879567316
3.	245	0.048942240204780975
4.	1531	0.034083646422525905
5.	1367	0.01900747285413484
6.	31	0.016920440939680443
7.	80	0.014937038107427438
8.	1040	0.014467610751001198
9.	254	0.013420585442384707
10.	452	0.01306965030345568
11.	157	0.01094711201023905
12.	169	0.010808802279014079
13.	392	0.010784030386854382
14.	100	0.010392221625861855
15.	561	0.009638743239337765
16.	3870	0.009635440320383139
17.	997	0.008978985178151192
18.	884	0.008520292308327484
19.	202	0.008429049172205936
20.	8	0.008396019982659675
21.	72	0.008069443871021015
22.	145	0.007931134139796044
23.	645	0.007214813591511498
24.	27	0.0071537095908509145
25.	490	0.007072788076462574
26.	81	0.007045538995086908
27.	2883	0.007039758886916312
28.	942	0.006679327855992734
29.	125	0.006397341150241526
30.	247	0.006225589364600966
31.	708	0.005939061145287148
32.	337	0.005894471739399694
33.	179	0.00585029519838157
34.	1403	0.005837083522563065
35.	484	0.005772676602947855
36.	26	0.005684323520911605
37.	152	0.005682672061434292
38.	321	0.005520416167788283
39.	242	0.005496057140497915
40.	15492	0.0054840840592873955
41.	1043	0.005225630651087899
42.	1964	0.005191362866933652
43.	857	0.0051348003798356795
44.	1755	0.005019198216423764
45.	15686	0.004814417241236943
46.	1200	0.004790883943685232
47.	1365	0.004700053672433013
48.	154	0.00469592502373973
49.	1153	0.0046810618884439124
50.	16	0.004666198753148095
