1.	121	0.007974511016304616
2.	21	0.007795668111075877
3.	245	0.007312687680463996
4.	1531	0.005097127385513349
5.	1367	0.0028140042152540656
6.	31	0.0025332940645909456
7.	80	0.002217024505870649
8.	1040	0.002203219088624922
9.	254	0.002020820242590465
10.	452	0.0019676903034932724
11.	157	0.0016330135217786732
12.	392	0.001619208104532946
13.	169	0.0015911789240643482
14.	100	0.0015372122930128692
15.	561	0.0014629558820699424
16.	3870	0.0014585632493099383
17.	997	0.0013633895395098491
18.	884	0.0012732359814354788
19.	202	0.0012673791377554734
20.	72	0.0012638231969497558
21.	8	0.0012562929693611773
22.	145	0.0011937502457782616
23.	645	0.0010914646543667371
24.	27	0.001078705102063868
25.	490	0.0010757766802238654
26.	81	0.0010285035848066782
27.	2883	0.0010262026819323903
28.	942	0.0010059129020409427
29.	125	9.492270221380324E-4
30.	247	9.475536382294595E-4
31.	337	8.848017416579721E-4
32.	179	8.843833956808288E-4
33.	26	8.812458008522544E-4
34.	484	8.72042189355103E-4
35.	708	8.72042189355103E-4
36.	1403	8.647211347550961E-4
37.	15492	8.626294048693798E-4
38.	152	8.488239876236526E-4
39.	321	8.25814958880774E-4
40.	242	8.097086387607588E-4
41.	1964	8.002958542750357E-4
42.	857	7.816794582921611E-4
43.	15686	7.611805054121419E-4
44.	1043	7.572062186292811E-4
45.	1755	7.49466818052131E-4
46.	1200	7.180908697663873E-4
47.	281	7.132798910292399E-4
48.	16	7.049129714863749E-4
49.	154	7.028212416006586E-4
50.	3692	7.021937226349438E-4
