1.	121	0.007981034703903373
2.	21	0.007729758181729486
3.	245	0.007361360183700828
4.	1531	0.005092807611455561
5.	1367	0.002834818445145041
6.	31	0.0025372096914786186
7.	80	0.0022143641603642925
8.	1040	0.002181737388857547
9.	254	0.002020873837843733
10.	452	0.001945968356338113
11.	157	0.0016266683499547051
12.	392	0.001621778619798091
13.	169	0.0016126890316317981
14.	100	0.0015620900454365475
15.	561	0.0014602962743736924
16.	3870	0.001443049470700299
17.	997	0.001351982166261466
18.	884	0.0012796981989142019
19.	202	0.001265670798593175
20.	8	0.0012571707375342639
21.	72	0.0012292183724534219
22.	145	0.0011898475780799647
23.	27	0.001092504527625674
24.	645	0.0010819724795157885
25.	490	0.0010641758686465036
26.	2883	0.0010511331040261032
27.	81	0.001024880333052712
28.	942	0.001009719869993385
29.	125	9.488355172438195E-4
30.	247	9.414894241397824E-4
31.	179	8.797228712508023E-4
32.	708	8.78163342094396E-4
33.	337	8.77021917269466E-4
34.	1403	8.68523946732212E-4
35.	484	8.560351703510177E-4
36.	152	8.525649043997651E-4
37.	26	8.509405690719801E-4
38.	15492	8.373542688206607E-4
39.	321	8.272612302588251E-4
40.	242	8.125523198774921E-4
41.	1964	7.878214486706744E-4
42.	1043	7.852459259887809E-4
43.	857	7.716115437393418E-4
44.	1755	7.501251621447795E-4
45.	15686	7.387171854604511E-4
46.	1200	7.209707471109435E-4
47.	281	7.118309864248736E-4
48.	154	7.074847918991784E-4
49.	1365	7.021581427161715E-4
50.	16	7.012215890136648E-4
