1.	245	0.01639344262295082
2.	121	0.01092896174863388
3.	1367	0.01092896174863388
4.	3783	0.01092896174863388
5.	31	0.01092896174863388
6.	4213	0.01092896174863388
7.	14630	0.01092896174863388
8.	942	0.00546448087431694
9.	398	0.00546448087431694
10.	254	0.00546448087431694
11.	21	0.00546448087431694
12.	16118	0.00546448087431694
13.	1040	0.00546448087431694
14.	2017	0.00546448087431694
15.	2014	0.00546448087431694
16.	110	0.00546448087431694
17.	115	0.00546448087431694
18.	122	0.00546448087431694
19.	157	0.00546448087431694
20.	2824	0.00546448087431694
21.	19269	0.00546448087431694
22.	262	0.00546448087431694
23.	3867	0.00546448087431694
24.	1059	0.00546448087431694
25.	1467	0.00546448087431694
26.	1531	0.00546448087431694
27.	7166	0.00546448087431694
28.	3063	0.00546448087431694
29.	794	0.00546448087431694
30.	10781	0.00546448087431694
31.	3089	0.00546448087431694
32.	1192	0.00546448087431694
33.	5034	0.00546448087431694
34.	10938	0.00546448087431694
35.	437	0.00546448087431694
36.	8221	0.00546448087431694
37.	2180	0.00546448087431694
38.	2198	0.00546448087431694
39.	2240	0.00546448087431694
40.	1407	0.00546448087431694
41.	3551	0.00546448087431694
42.	3495	0.00546448087431694
43.	277	0.00546448087431694
44.	289	0.00546448087431694
45.	10091	0.00546448087431694
46.	1828	0.00546448087431694
47.	22035	0.00546448087431694
48.	2895	0.00546448087431694
49.	17914	0.00546448087431694
50.	2883	0.00546448087431694
