1.	121	0.007998717770543822
2.	21	0.007692362315032821
3.	245	0.007283043022653059
4.	1531	0.00509392026439896
5.	1367	0.0028946532857637027
6.	31	0.002538083939365966
7.	1040	0.0021987597676161996
8.	80	0.002166298262396491
9.	254	0.002032394553365193
10.	452	0.001926387450382082
11.	157	0.0016372771695190524
12.	169	0.0015972074990134746
13.	392	0.0015617027276794183
14.	100	0.0015510512962792014
15.	561	0.001438957661067395
16.	3870	0.0014227269084575408
17.	997	0.0013674409073802247
18.	202	0.0012857799333118951
19.	8	0.0012619410154161717
20.	884	0.0012436814187300857
21.	72	0.0011949891609005228
22.	145	0.001135645471670743
23.	645	0.0011189075080418308
24.	2883	0.0010935469570889334
25.	490	0.0010823883146696585
26.	27	0.001068186406136036
27.	942	0.0010271023135923424
28.	81	0.0010194941483064731
29.	125	9.682658353816205E-4
30.	247	9.226168436664053E-4
31.	179	8.97256292713508E-4
32.	337	8.815327511227116E-4
33.	708	8.637803654556835E-4
34.	26	8.571866222079302E-4
35.	1403	8.561722001698142E-4
36.	152	8.541433560935825E-4
37.	484	8.49071245903003E-4
38.	242	8.328404932931487E-4
39.	321	8.19653006797642E-4
40.	15492	8.095087864164832E-4
41.	1043	7.882059236160494E-4
42.	1964	7.866842905588755E-4
43.	857	7.82626602406412E-4
44.	1755	7.562516294153987E-4
45.	1365	7.293694454053275E-4
46.	281	7.278478123481537E-4
47.	15686	7.217612801194584E-4
48.	16	7.177035919669947E-4
49.	1153	7.126314817764153E-4
50.	1158	7.014728393571405E-4
51.	154	6.96400729166561E-4
52.	1200	6.857492977663441E-4

