bmc1
10 2.9855069714E10
100 2.985506968085673E10
1000 2.9855069668641273E10
10000 2.9855069664300125E10

bmc2
10 2.9855069714E10
100 2.9855069680716873E10
1000 2.9855069668707237E10
10000 2.9855069664302494E10

bmc3
10 2.9855069492845516E10
100 2.9855069412867756E10
1000 2.985506938333149E10
10000 2.9855069374244335E10

bmc4
10 2.9855069662459984E10
100 2.9855069662359436E10
1000 2.9855069662415436E10
10000 2.9855069662411613E10

bmc5
10 2.9855069714E10
100 2.9855069714E10
1000 2.9855069714E10
10000 2.9855069714E10

